0 0.851172 0.513889 0.0523437 0.163889
0 0.205469 0.547222 0.0390625 0.180556
0 0.867969 0.480556 0.03125 0.144444
0 0.728906 0.515972 0.03125 0.159722
0 0.825781 0.536806 0.0359375 0.176389
0 0.857422 0.479861 0.0304688 0.170833
0 0.0304688 0.635417 0.053125 0.193056
0 0.522656 0.525 0.0375 0.186111
0 0.379687 0.510417 0.0375 0.190278
0 0.221875 0.547222 0.040625 0.194444
0 0.250781 0.510417 0.04375 0.204167
0 0.633203 0.547222 0.0492188 0.211111
0 0.354688 0.543056 0.0390625 0.194444
0 0.801562 0.581944 0.0453125 0.202778
0 0.178906 0.529861 0.059375 0.190278
2 0.465234 0.350694 0.0320312 0.106944
