0 0.549609 0.634722 0.0320312 0.166667
0 0.794141 0.573611 0.0367187 0.141667
0 0.855859 0.556944 0.0414063 0.144444
0 0.560156 0.615278 0.028125 0.161111
0 0.170312 0.652083 0.0421875 0.1625
0 0.3375 0.561111 0.028125 0.155556
0 0.494531 0.555556 0.034375 0.177778
0 0.423828 0.547917 0.0351562 0.151389
0 0.668359 0.602083 0.0367187 0.168056
0 0.151172 0.474306 0.0492188 0.134722
0 0.872266 0.529861 0.0289063 0.145833
0 0.805078 0.602778 0.0429688 0.155556
0 0.842188 0.579861 0.0328125 0.143056
2 0.533594 0.397222 0.0265625 0.0833333
