0 0.496094 0.54375 0.0453125 0.1625
0 0.222266 0.522917 0.0429688 0.179167
0 0.844922 0.550694 0.0367187 0.1875
0 0.0457031 0.684722 0.0585938 0.244444
0 0.207813 0.555556 0.0671875 0.202778
0 0.96875 0.603472 0.046875 0.170833
0 0.823047 0.627083 0.0648438 0.215278
0 0.573438 0.531944 0.0515625 0.211111
0 0.506641 0.511111 0.0320312 0.147222
0 0.919531 0.528472 0.04375 0.134722
0 0.663281 0.5625 0.0765625 0.188889
0 0.477734 0.593056 0.0570313 0.186111
2 0.535937 0.35625 0.0328125 0.0986111
0 0.274219 0.611806 0.046875 0.220833
