0 0.644531 0.5625 0.0359375 0.2
0 0.471875 0.550694 0.0421875 0.229167
0 0.653906 0.517361 0.0328125 0.126389
0 0.084375 0.698611 0.0578125 0.269444
0 0.316016 0.575694 0.0476562 0.195833
0 0.0839844 0.594444 0.0429688 0.172222
0 0.502734 0.55 0.0429688 0.222222
0 0.214062 0.635417 0.0640625 0.176389
0 0.971484 0.590972 0.0492188 0.226389
0 0.883594 0.542361 0.0546875 0.201389
0 0.808984 0.633333 0.0601562 0.216667
2 0.6125 0.358333 0.040625 0.127778
0 0.666016 0.627778 0.0460938 0.233333
0 0.455078 0.640278 0.0679687 0.225
