0 0.501953 0.340972 0.0335938 0.120833
0 0.167187 0.586806 0.0515625 0.245833
0 0.875 0.546528 0.034375 0.190278
0 0.13125 0.572222 0.0515625 0.227778
0 0.81875 0.640972 0.040625 0.123611
0 0.147266 0.577778 0.0367187 0.230556
2 0.503906 0.336111 0.0375 0.133333
0 0.0597656 0.695833 0.0429688 0.266667
0 0.191016 0.590278 0.0460938 0.230556
0 0.894141 0.621528 0.0429688 0.1875
0 0.422656 0.553472 0.05 0.251389
0 0.946484 0.561111 0.0382813 0.194444
0 0.647266 0.606944 0.0476562 0.241667
0 0.348437 0.577083 0.053125 0.240278
0 0.111719 0.577778 0.0515625 0.241667
0 0.532422 0.565972 0.0398437 0.234722
